and double else elseif endif if int main not or print read repeat then until void != ( ) * + , - / ; < <= = == > >= [ ] identifier number { } $ ---
A1 A1' A2 A3 A4 A5 A6 A7 A8 A8' B1 B1' C1 C3 C7 C7' D7 S ---
0
B1 A1' #Add_Sub --
1
+ B1 A1' #Add --
2
- B1 A1' #Sub --
3
@ --
4
C1 B1' #Mul_Div --
5
* C1 B1' #Mul --
6
/ C1 B1' #Div --
7
@ --
8
( A1 ) #Tran_A1C1 --
9
#Ass_C1 identifier --
10
#Ass_C1 number --
11
--
12
#Ass_A2 identifier = A1 #Eq ; --
13
--
14
[ A1 C3 ] #Comp --
15
< A1 #Comp_< --
16
> A1 #Comp_>  --
17
<= A1 #Comp_<= --
18
>= A1 #Comp_>= --
19
== A1 #Comp_== --
20
!= A1 #Comp_!= --
21
or A1 #Comp_or --
22
and A1 #Comp_and --
23
--
24
int identifier #Int ; --
25
double identifier #Double ; --
26
--
27
repeat #Repeat A8 until A3 #Repeat_RJ ; --
28
--
29
if A3 #If_FJ then A8 #If_FJ_BackPatch #If_RJ else A8 #If_RJ_BackPatch endif ; --
30
--
31
read ( C7 ) ; --
32
print ( C7 ) ; --
33
D7 C7' --
34
, D7 C7' --
35
@ --
36
identifier --
37
--
38
void main ( ) { A8 } --
39
A2 A8' --
40
A4 A8' --
41
A5 A8' --
42
A6 A8' --
43
A7 A8' --
44
A8 --
45
@ --
46
--
---
-1 -1 -1 -1 -1 -1 -1 -1 -1 -1 -1 -1 -1 -1 -1 -1 -1 0 -1 -1 -1 -1 -1 -1 -1 -1 -1 -1 -1 -1 -1 -1 -1 0 0 -1 -1 -1
3 -1 -1 -1 -1 -1 -1 -1 -1 3 -1 -1 -1 -1 -1 -1 3 -1 3 -1 1 -1 2 -1 3 3 3 -1 3 3 3 -1 3 -1 -1 -1 -1 -1
-1 -1 -1 -1 -1 -1 -1 -1 -1 -1 -1 -1 -1 -1 -1 -1 -1 -1 -1 -1 -1 -1 -1 -1 -1 -1 -1 -1 -1 -1 -1 -1 -1 12 -1 -1 -1 -1
-1 -1 -1 -1 -1 -1 -1 -1 -1 -1 -1 -1 -1 -1 -1 -1 -1 -1 -1 -1 -1 -1 -1 -1 -1 -1 -1 -1 -1 -1 -1 14 -1 -1 -1 -1 -1 -1
-1 25 -1 -1 -1 -1 24 -1 -1 -1 -1 -1 -1 -1 -1 -1 -1 -1 -1 -1 -1 -1 -1 -1 -1 -1 -1 -1 -1 -1 -1 -1 -1 -1 -1 -1 -1 -1
-1 -1 -1 -1 -1 -1 -1 -1 -1 -1 -1 -1 27 -1 -1 -1 -1 -1 -1 -1 -1 -1 -1 -1 -1 -1 -1 -1 -1 -1 -1 -1 -1 -1 -1 -1 -1 -1
-1 -1 -1 -1 -1 29 -1 -1 -1 -1 -1 -1 -1 -1 -1 -1 -1 -1 -1 -1 -1 -1 -1 -1 -1 -1 -1 -1 -1 -1 -1 -1 -1 -1 -1 -1 -1 -1
-1 -1 -1 -1 -1 -1 -1 -1 -1 -1 32 31 -1 -1 -1 -1 -1 -1 -1 -1 -1 -1 -1 -1 -1 -1 -1 -1 -1 -1 -1 -1 -1 -1 -1 -1 -1 -1
-1 40 -1 -1 -1 42 40 -1 -1 -1 43 43 41 -1 -1 -1 -1 -1 -1 -1 -1 -1 -1 -1 -1 -1 -1 -1 -1 -1 -1 -1 -1 39 -1 -1 -1 -1
-1 44 45 -1 45 44 44 -1 -1 -1 44 44 44 -1 45 -1 -1 -1 -1 -1 -1 -1 -1 -1 -1 -1 -1 -1 -1 -1 -1 -1 -1 44 -1 -1 45 -1
-1 -1 -1 -1 -1 -1 -1 -1 -1 -1 -1 -1 -1 -1 -1 -1 -1 4 -1 -1 -1 -1 -1 -1 -1 -1 -1 -1 -1 -1 -1 -1 -1 4 4 -1 -1 -1
7 -1 -1 -1 -1 -1 -1 -1 -1 7 -1 -1 -1 -1 -1 -1 7 -1 7 5 7 -1 7 6 7 7 7 -1 7 7 7 -1 7 -1 -1 -1 -1 -1
-1 -1 -1 -1 -1 -1 -1 -1 -1 -1 -1 -1 -1 -1 -1 -1 -1 8 -1 -1 -1 -1 -1 -1 -1 -1 -1 -1 -1 -1 -1 -1 -1 9 10 -1 -1 -1
22 -1 -1 -1 -1 -1 -1 -1 -1 21 -1 -1 -1 -1 -1 -1 20 -1 -1 -1 -1 -1 -1 -1 -1 15 17 -1 19 16 18 -1 -1 -1 -1 -1 -1 -1
-1 -1 -1 -1 -1 -1 -1 -1 -1 -1 -1 -1 -1 -1 -1 -1 -1 -1 -1 -1 -1 -1 -1 -1 -1 -1 -1 -1 -1 -1 -1 -1 -1 33 -1 -1 -1 -1
-1 -1 -1 -1 -1 -1 -1 -1 -1 -1 -1 -1 -1 -1 -1 -1 -1 -1 35 -1 -1 34 -1 -1 -1 -1 -1 -1 -1 -1 -1 -1 -1 -1 -1 -1 -1 -1
-1 -1 -1 -1 -1 -1 -1 -1 -1 -1 -1 -1 -1 -1 -1 -1 -1 -1 -1 -1 -1 -1 -1 -1 -1 -1 -1 -1 -1 -1 -1 -1 -1 36 -1 -1 -1 -1
-1 -1 -1 -1 -1 -1 -1 -1 -1 -1 -1 -1 -1 -1 -1 38 -1 -1 -1 -1 -1 -1 -1 -1 -1 -1 -1 -1 -1 -1 -1 -1 -1 -1 -1 -1 -1 -1
